118.1891


moving_points =

   71.7398   63.6312
  183.3296   72.5121
   66.7202  213.0611
  176.7655  221.9419
  124.2526  142.7866
   25.7911    4.9404
  235.4563   19.9992
  204.9525  251.6735
   60.1561  137.3808
  188.3492  147.4201

fixed_points =

  105.1250   74.1250
  156.3750   74.3750
  105.8750  157.8750
  157.1250  157.6250
  130.8750  116.3750
   84.7000   45.9000
  178.7000   43.9000
  169.5000  170.3000
  101.5000  116.7000
  160.7000  116.3000